               -376.1038925505
          0.001166381      -0.000000000      -0.000000001
         -0.000000000       0.001166381       0.000000001
         -0.000000001       0.000000001       0.002043690
           6
  1    42       0.000002595      -0.000001485      -0.003745231  Mo
  1    42      -0.000002563       0.000001510       0.003089995  Mo
  2    16      -0.000000768       0.000000434       0.202756822  S
  2    16      -0.000000723       0.000000414      -0.206104868  S
  2    16       0.000000720      -0.000000422       0.207223181  S
  2    16       0.000000713      -0.000000420      -0.203792668  S
