    24
     1   -0.352118   -0.203296    0.000000       0.027778
     2   -0.176059   -0.101648    0.000000       0.027778
     3    0.000000    0.000000    0.000000       0.027778
     4    0.176059    0.101648    0.000000       0.027778
     5    0.352118    0.203296    0.000000       0.027778
     6    0.528177    0.304943    0.000000       0.027778
     7   -0.352118    0.000000    0.000000       0.055556
     8   -0.176059    0.101648    0.000000       0.055556
     9    0.000000    0.203296    0.000000       0.055556
    10    0.176059    0.304943    0.000000       0.055556
    11    0.352118    0.406591    0.000000       0.055556
    12    0.528177    0.508239    0.000000       0.055556
    13   -0.352118    0.203296    0.000000       0.055556
    14   -0.176059    0.304943    0.000000       0.055556
    15    0.000000    0.406591    0.000000       0.055556
    16    0.176059    0.508239    0.000000       0.055556
    17    0.352118    0.609887    0.000000       0.055556
    18    0.528177    0.711534    0.000000       0.055556
    19   -0.352118    0.406591    0.000000       0.027778
    20   -0.176059    0.508239    0.000000       0.027778
    21    0.000000    0.609887    0.000000       0.027778
    22    0.176059    0.711534    0.000000       0.027778
    23    0.352118    0.813182    0.000000       0.027778
    24    0.528177    0.914830    0.000000       0.027778
